956200
1074900
1801100
750900
770900
436700
335700
464200
532400
423100
423200
505200
539900
461900
450400
764900
531800
443900
422000
569500
584000
432000
471900
549900
509600
492100
492900
537400
461300
516600
759700
893700
1770900
904500
1119200
1465400
1994200
686400
695500
772800
821100
810700
813300
798600
929500
748400
785400
2013800
1119600
1702400
1011300
849700
924800
1238300
909600
1095400
1074100
1068600
1099800
1138800
1916200
1587000
1485800
1255200
1411200
1341200
1514200
1517200
1560900
1165600
1481400
1670700
1420900
1843400
1531600
1476300
1615800
1507800
1322600
1494000
630100
686900
707700
630300
662400
1427300
2410200
1118100
1673000
637700
2018300
789000
729400
810700
782100
764100
935100
429300
284400
320800
267100
